Database of binary bond valence properties
Type+ os+ Type- os-  R0(A)     b         cn       R_cutoff(A)
-------------------------------------------------------------
DATA_START
  Ag    1   As   -3  2.268270  0.352000  2.800000  6.50
  Ag    1   Br   -1  2.036990  0.470000  5.000000  5.50
  Ag    1   Cl   -1  1.988190  0.429000  5.666670  5.00
  Ag    1    F   -1  1.529520  0.498000  8.000000  5.00
  Ag    1    I   -1  2.080360  0.530000  4.000000  6.00
  Ag    1    O   -2  1.782390  0.394000  4.398440  5.00
  Ag    1    P   -3  2.183960  0.377000  3.000000  6.50
  Ag    1    S   -2  2.110060  0.365000  3.568630  5.00
  Ag    1   Se   -2  2.174090  0.385000  4.307690  5.00
  Ag    1   Te   -2  2.344870  0.420000  3.909090  5.00
  Ag    2    F   -1  1.586410  0.509000  6.250000  5.50
  Ag    2    O   -2  1.722090  0.501000  5.000000  5.50
  Ag    3    F   -1  1.714850  0.452000  4.500000  5.50
  Ag    3    O   -2  1.828450  0.444000  4.750000  5.50
  Al    3   As   -3  2.366420  0.495000  3.888890  6.50
  Al    3   Br   -1  2.040450  0.687000  4.000000  7.00
  Al    3   Cl   -1  1.896060  0.646000  4.000000  6.50
  Al    3    F   -1  1.419700  0.519000  6.000000  5.50
  Al    3    H   -1  1.250710  0.543000  6.000000  5.50
  Al    3    I   -1  2.246480  0.747000  4.000000  7.00
  Al    3    N   -3  1.690820  0.511000  4.000000  6.00
  Al    3    O   -2  1.599010  0.424000  5.326920  5.00
  Al    3    P   -3  2.305470  0.424000  3.600000  6.00
  Al    3    S   -2  2.059650  0.550000  4.076920  6.00
  Al    3   Sb   -3  2.639840  0.296000  3.400000  5.00
  Al    3   Se   -2  2.173920  0.582000  4.000000  6.50
  Al    3   Te   -2  2.386580  0.632000  4.000000  7.00
  As    3   Cl   -1  2.061750  0.522000  3.000000  6.00
  As    3    F   -1  1.683000  0.406000  3.200000  5.00
  As    3    O   -2  1.767060  0.404000  3.000000  5.00
  As    3    S   -2  2.208410  0.540000  3.120000  6.00
  As    3   Se   -2  2.340350  0.571000  3.066670  6.50
  As    3   Te   -2  2.488120  0.616000  5.800000  7.00
  As    5    F   -1  1.603790  0.503000  6.000000  6.00
  As    5    O   -2  1.766890  0.411000  4.021900  5.00
  As    5    S   -2  2.279860  0.534000  4.000000  6.50
  As    5   Se   -2  2.717900  0.565000  4.000000  7.00 
  As    5   Te   -2  2.717900  0.615000  4.000000  7.50 
  Au    1    O   -2  1.718190  0.441000  2.000000  5.50
  Au    1    S   -2  2.064040  0.342000  2.000000  4.50
  Au    1   Se   -2  2.176130  0.346000  2.000000  4.00
  Au    3   Br   -1  2.279110  0.461000  4.000000  5.50
  Au    3   Cl   -1  2.145240  0.421000  4.000000  5.50
  Au    3    F   -1  1.697000  0.507000  4.000000  5.50
  Au    3    O   -2  1.817610  0.498000  4.000000  5.50
   B    3   As   -3  2.096460  0.566000  2.000000  6.50
   B    3   Br   -1  1.821000  0.709000  3.666700  6.50 
   B    3   Cl   -1  1.675000  0.669000  4.000000  6.00 
   B    3    F   -1  1.200390  0.542000  4.000000  5.00
   B    3    H   -1  0.986630  0.565000  4.000000  5.50
   B    3    I   -1  2.007000  0.770000  4.000000  7.00 ! RCN estimated
   B    3    N   -3  1.456770  0.301000  2.545460  4.00
   B    3    O   -2  1.357830  0.385000  3.412700  4.50
   B    3    P   -3  1.884540  0.284000  2.500000  5.00
   B    3    S   -2  1.781950  0.573000  3.000000  6.00
   B    3   Se   -2  1.918700  0.607000  3.000000  6.00 ! RCN estimated
   B    3   Te   -2  2.098200  0.659000  3.000000  6.50 ! RCN estimated
  Ba    2   As   -3  2.608390  0.674000  6.200000  8.00
  Ba    2   Br   -1  2.468770  0.595000  8.571430  7.00
  Ba    2   Cl   -1  2.410410  0.519000  9.600000  6.50
  Ba    2    F   -1  2.064750  0.428000 11.310000  6.00
  Ba    2    H   -1  1.624500  0.641000 12.333330  6.00
  Ba    2    I   -1  2.613800  0.655000  8.600000  7.50
  Ba    2    N   -3  2.268030  0.525000  6.970590  6.50
  Ba    2    O   -2  2.159980  0.437000  9.870000  6.00
  Ba    2    P   -3  2.567260  0.644000  6.222220  7.50
  Ba    2    S   -2  2.442390  0.573000  8.972970  7.00
  Ba    2   Sb   -3  2.685860  0.749000  6.000000  8.50
  Ba    2   Se   -2  2.519750  0.604000  8.290000  7.00
  Ba    2   Te   -2  2.688070  0.649000  7.400000  7.00
  Be    2   As   -3  2.056850  0.379000  3.000000  8.00
  Be    2   Br   -1  1.658100  0.699000  4.000000  7.00 ! RCN estimated
  Be    2   Cl   -1  1.527290  0.659000  4.000000  6.50
  Be    2    F   -1  1.149860  0.532000  3.970590  5.50
  Be    2    H   -1  0.959700  0.555000  6.000000  5.50 ! RCN estimated
  Be    2   Hx   -1  0.892430  0.555000  6.000000  5.50 ! RCN estimated
  Be    2    I   -1  1.800800  0.760000  4.000000  7.00 ! RCN estimated
  Be    2    N   -3  1.312330  0.629000  3.000000  6.00
  Be    2    O   -2  1.209030  0.541000  4.000000  5.50
  Be    2    S   -2  1.578400  0.677000  4.000000  6.50 ! RCN estimated
  Be    2   Sb   -3  2.192080  0.479000  3.500000  6.00
  Be    2   Se   -2  1.704300  0.708000  4.000000  7.00 ! RCN estimated
  Be    2   Te   -2  1.849700  0.753000  4.000000  7.00 ! RCN estimated
  Bi    3   Br   -1  2.467080  0.545000  6.000000  7.00
  Bi    3   Cl   -1  2.341050  0.505000  6.166670  6.00
  Bi    3    F   -1  1.930460  0.423000  7.100000  5.50
  Bi    3    I   -1  2.639890  0.605000  6.000000  7.50
  Bi    3    O   -2  2.036770  0.414000  5.965120  5.50
  Bi    3    S   -2  2.418240  0.523000  7.250000  6.50
  Bi    3   Se   -2  2.545450  0.554000  6.105260  7.00
  Bi    3   Te   -2  2.823040  0.599000  4.500000  7.00
  Bi    5    F   -1  1.869840  0.448000  6.000000  5.50
  Bi    5    O   -2  2.044980  0.371000  6.000000  5.00
  Bk    3    O   -2  2.030730  0.430000  6.666670  6.00
  Br    5    F   -1  1.784770  0.370000  6.000000  7.00
  Br    5    O   -2  1.850910  0.444000  3.000000  5.50
  Br    7    O   -2  1.836820  0.423000  4.000000  5.50
   C    2    F   -1  1.159070  0.407000  3.000000  6.00
   C    2    O   -2  1.413680  0.415000  1.000000  5.00
   C    2    Nx  -3  1.477050  0.504000  1.043500  6.00 ! RCN estimated
   C    4    F   -1  1.372490  0.547000  3.000000  6.00
   C    4    N   -3  1.557870  0.529000  2.000000  6.00
   C    4    O   -2  1.398260  0.447000  3.000000  5.00
   C    4    S   -2  1.843540  0.579000  3.000000  6.00
  Ca    2   As   -3  2.205710  0.713000  6.000000  8.00
  Ca    2   Br   -1  2.168600  0.634000  6.333300  7.00 ! RCN estimated
  Ca    2   Cl   -1  2.062620  0.594000  6.000000  6.50
  Ca    2    F   -1  1.710380  0.467000  6.894740  5.50
  Ca    2    H   -1  1.606560  0.490000 10.200000  5.50
  Ca    2    I   -1  2.324200  0.695000  6.000000  7.00 ! RCN estimated
  Ca    2    N   -3  1.969820  0.564000  5.166670  6.50
  Ca    2    O   -2  1.795190  0.476000  7.544000  5.50
  Ca    2    P   -3  2.195000  0.684000  6.000000  7.50
  Ca    2    S   -2  2.111480  0.612000  7.200000  7.00
  Ca    2   Sb   -3  2.314440  0.788000  6.000000  8.00
  Ca    2   Se   -2  2.202850  0.643000  7.000000  7.00
  Ca    2   Te   -2  2.388600  0.689000  7.000000  7.00 ! RCN estimated
  Cd    2   As   -3  2.424620  0.400000  3.777780  7.50
  Cd    2   Br   -1  2.169130  0.553000  5.272730  6.00
  Cd    2   Cl   -1  2.069490  0.512000  6.000000  6.00
  Cd    2    F   -1  1.739480  0.416000  6.812500  5.50
  Cd    2    I   -1  2.324400  0.613000  5.444440  7.00
  Cd    2    O   -2  1.839260  0.407000  6.220000  5.50
  Cd    2    P   -3  2.353290  0.370000  3.555560  7.50
  Cd    2    S   -2  2.127890  0.531000  4.434780  5.50
  Cd    2   Se   -2  2.162090  0.561000  4.000000  6.50
  Cd    2   Te   -2  2.366830  0.607000  4.000000  7.00
  Ce    3    F   -1  1.926560  0.458000  9.750000  5.50
  Ce    3    O   -2  2.031180  0.449000  9.060000  5.50
  Ce    3    S   -2  2.504040  0.489000  7.333330  6.00
  Ce    3   Se   -2  2.526630  0.520000  9.000000  7.00
  Ce    4    O   -2  2.025300  0.443000  8.000000  5.50
  Cl    3    O   -2  1.722650  0.491000  2.000000  5.50 ! RCN estimated
  Cl    5    O   -2  1.695520  0.445000  3.000000  5.50
  Cl    7    O   -2  1.679460  0.443000  4.000000  5.00
  Co    1    O   -2  1.295010  0.621000  2.000000  5.50
  Co    2   Cl   -1  1.931370  0.468000  4.625000  5.50
  Co    2    F   -1  1.514420  0.460000  6.000000  5.50
  Co    2    I   -1  2.198370  0.569000  4.000000  6.00
  Co    2    O   -2  1.597730  0.451000  5.506020  5.50
  Co    2    P   -3  1.623560  0.734000  4.000000  7.50
  Co    2    S   -2  2.000510  0.487000  4.000000  5.50
  Co    2   Se   -2  2.109510  0.518000  4.000000  6.00
  Co    3    F   -1  1.563450  0.443000  6.000000  5.50
  Co    3    O   -2  1.594610  0.434000  6.000000  5.50
  Co    4    F   -1  1.700350  0.441000  6.000000  5.50 ! RCN estimated
  Co    4    O   -2  1.794440  0.441000  4.000000  5.50
  Cr    1    H   -1  0.810000  0.586000  4.000000  5.50 ! RCN estimated
  Cr    2   Br   -1  2.126780  0.480000  6.000000  6.00
  Cr    2   Cl   -1  2.014990  0.439000  6.000000  5.50
  Cr    2    F   -1  1.541020  0.489000  5.636360  5.50
  Cr    2    I   -1  2.284040  0.540000  6.000000  6.50
  Cr    2    O   -2  1.593560  0.480000  5.600000  5.50
  Cr    2    S   -2  1.909320  0.458000  6.000000  5.50
  Cr    2   Te   -2  2.182570  0.534000  6.000000  6.50
  Cr    3   Br   -1  2.131650  0.530000  6.000000  6.50
  Cr    3   Cl   -1  2.005100  0.489000  6.000000  5.50
  Cr    3    F   -1  1.589750  0.438000  6.000000  5.50
  Cr    3    O   -2  1.661980  0.430000  6.000000  5.50
  Cr    3    S   -2  2.043970  0.508000  6.000000  5.50
  Cr    3   Se   -2  2.146490  0.539000  6.000000  6.00
  Cr    3   Te   -2  2.302420  0.584000  6.000000  6.50
  Cr    4    F   -1  1.648990  0.418000  6.000000  5.00
  Cr    4    O   -2  1.760950  0.409000  5.428570  5.50
  Cr    5    O   -2  1.767810  0.402000  4.000000  5.50
  Cr    6   Br   -1  2.224000  0.674000  6.000000  6.50 ! RCN estimated
  Cr    6   Cl   -1  2.007000  0.634000  6.000000  6.50 ! RCN estimated
  Cr    6    I   -1  2.537300  0.735000  6.000000  7.00 ! RCN estimated
  Cr    6    N   -3  1.968590  0.605000  4.000000  6.50 ! RCN estimated
  Cr    6    O   -2  1.824710  0.476000  4.000000  5.50
  Cr    6    S   -2  2.103000  0.652000  4.000000  6.50 ! RCN estimated
  Cr    6   Se   -2  2.300000  0.683000  4.000000  7.00 ! RCN estimated
  Cr    6   Te   -2  2.608580  0.729000  6.000000  8.00
  Cs    1   As   -3  2.764280  0.619000  5.290000  7.50
  Cs    1   Br   -1  2.508180  0.541000 10.310000  7.00
  Cs    1   Cl   -1  2.460370  0.500000 10.330000  6.50
  Cs    1    F   -1  2.153180  0.428000 11.550000  6.00
  Cs    1    H   -1  2.246560  0.404000  8.800000  6.00
  Cs    1    I   -1  2.711940  0.601000 10.480000  8.00
  Cs    1    N   -3  2.431050  0.471000 11.000000  6.00
  Cs    1   Nx   -3  2.562080  0.471000 10.894740  6.00
  Cs    1    O   -2  2.258990  0.419000 11.500000  6.50
  Cs    1    P   -3  2.729810  0.590000  4.944440  7.00
  Cs    1    S   -2  2.522830  0.519000  7.560000  6.50
  Cs    1   Sb   -3  2.918380  0.694000  5.142860  8.00
  Cs    1   Se   -2  2.648580  0.550000  7.270000  7.00
  Cs    1   Te   -2  2.782260  0.595000  7.500000  7.50
  Cu    1   Br   -1  1.868100  0.442000  3.800000  5.50
  Cu    1   Cl   -1  1.798220  0.402000  3.857140  5.00
  Cu    1    I   -1  1.930670  0.503000  3.920000  6.00
  Cu    1    O   -2  1.587290  0.341000  2.480000  5.00
  Cu    1    P   -3  1.927550  0.402000  3.080000  6.50
  Cu    1    S   -2  1.807440  0.420000  3.350000  5.00
  Cu    1   Se   -2  1.895610  0.451000  3.740000  5.50
  Cu    1   Te   -2  1.889790  0.497000  4.000000  6.00
  Cu    2   Cl   -1  1.901750  0.470000  5.615390  5.50
  Cu    2    F   -1  1.495300  0.457000  5.837840  5.50
  Cu    2    O   -2  1.574220  0.449000  5.090000  5.00
  Cu    2    S   -2  1.949970  0.488000  3.880000  6.00
  Cu    2   Se   -2  2.028880  0.519000  4.000000  6.00
  Cu    3    F   -1  1.542720  0.437000  6.000000  5.50
  Cu    3    O   -2  1.709640  0.427000  4.000000  5.00
   D    1   Br   -1  1.200000  0.725000  1.800000  6.00 ! RCN estimated
   D    1   Cl   -1  1.010400  0.685000  1.670000  5.50 ! RCN estimated
   D    1    F   -1  0.707790  0.558000  1.800000  4.50 ! RCN estimated
   D    1    I   -1  1.290000  0.786000  1.000000  6.50 ! RCN estimated
   D    1    O   -2  0.871410  0.457000  1.400000  4.00 ! RCN estimated
   D    1    S   -2  1.191640  0.591000  1.000000  5.50 ! RCN estimated
   D    1   Se   -2  1.297500  0.625000  1.000000  6.00 ! RCN estimated
   D    1   Te   -2  1.403900  0.678000  1.000000  6.50 ! RCN estimated
  Dy    3   Cl   -1  2.288100  0.493000  7.000000  6.00
  Dy    3    F   -1  1.850000  0.435000  7.000000  5.50 ! RCN estimated
  Dy    3    O   -2  1.960290  0.426000  7.620690  5.50
  Dy    3    S   -2  2.341240  0.512000  7.428570  6.00
  Er    3   Cl   -1  2.259820  0.507000  6.333330  6.00
  Er    3    F   -1  1.846630  0.421000  8.125000  5.50
  Er    3    O   -2  1.956080  0.412000  7.081080  5.50
  Er    3    S   -2  2.323660  0.525000  6.375000  6.00
  Er    3   Se   -2  2.434200  0.556000  6.000000  7.00
  Eu    2   Br   -1  2.500110  0.465000  7.333330  6.00
  Eu    2   Cl   -1  2.414470  0.425000  9.000000  5.50
  Eu    2    F   -1  1.814200  0.503000  7.000000  5.50
  Eu    2    I   -1  2.662920  0.525000  6.500000  6.50
  Eu    2    N   -3  2.187400  0.430000  6.640000  6.00 ! RCN estimated
  Eu    2    O   -2  1.891580  0.494000 10.111110  6.00
  Eu    2    S   -2  2.471730  0.443000  7.631580  6.00
  Eu    3   Cl   -1  2.319980  0.485000  8.200000  6.00
  Eu    3    F   -1  1.877630  0.443000  8.000000  5.50
  Eu    3    N   -3  2.162700  0.455000  6.330000  6.00 ! RCN estimated
  Eu    3    O   -2  2.004690  0.434000  7.628570  5.50
  Eu    3    S   -2  2.391790  0.503000  7.000000  6.00
  Fe    2   Br   -1  2.095170  0.479000  6.000000  5.50
  Fe    2   Cl   -1  2.000030  0.439000  6.000000  5.00
  Fe    2    F   -1  1.507660  0.489000  6.000000  5.50
  Fe    2    H   -1  1.050680  0.466000  6.000000  5.50
  Fe    2    I   -1  2.257850  0.540000  5.000000  6.00
  Fe    2    N   -3  1.747310  0.367000  4.000000  5.50
  Fe    2    O   -2  1.579110  0.480000  5.761060  5.50
  Fe    2    P   -3  1.710350  0.680000  4.000000  6.50
  Fe    2    S   -2  2.011110  0.457000  5.333330  5.50
  Fe    3   Br   -1  2.136270  0.578000  4.000000  6.50
  Fe    3   Cl   -1  1.982660  0.538000  5.428570  6.00
  Fe    3    F   -1  1.636740  0.411000  5.983050  5.00
  Fe    3    I   -1  2.376580  0.523000  4.000000  6.00
  Fe    3    N   -3  1.724850  0.606000  3.333330  6.00
  Fe    3    O   -2  1.708400  0.420000  5.727230  5.00
  Fe    4    F   -1  1.762200  0.417000  6.000000  5.50 ! RCN estimated
  Fe    4    O   -2  1.765590  0.410000  6.000000  5.50
  Ga    1   Cl   -1  2.320410  0.440000  9.000000  6.00
  Ga    1    I   -1  2.387690  0.541000  8.000000  7.00
  Ga    3   As   -3  2.418120  0.466000  3.333330  6.50
  Ga    3   Br   -1  2.113520  0.619000  4.000000  6.50
  Ga    3   Cl   -1  1.977940  0.578000  4.000000  6.50
  Ga    3    F   -1  1.560390  0.451000  6.000000  5.50
  Ga    3    H   -1  1.407850  0.474000  4.000000  6.00
  Ga    3    I   -1  2.314000  0.679000  4.000000  7.00 ! RCN estimated
  Ga    3    N   -3  1.761990  0.506000  4.000000  6.00
  Ga    3    O   -2  1.716060  0.373000  4.904760  5.00
  Ga    3    P   -3  2.318390  0.433000  3.428570  6.00 ! RCN estimated
  Ga    3    S   -2  2.124580  0.483000  4.000000  6.00
  Ga    3   Sb   -3  2.641760  0.669000  3.000000  7.00
  Ga    3   Se   -2  2.247230  0.513000  4.000000  6.50
  Ga    3   Te   -2  2.444910  0.558000  4.000000  7.00
  Gd    3   Cl   -1  2.271260  0.533000  7.750000  6.00
  Gd    3    F   -1  1.907180  0.406000  8.333330  5.50
  Gd    3    N   -3  2.095190  0.504000  6.330000  6.50 ! RCN estimated
  Gd    3    O   -2  1.996540  0.415000  7.753250  5.50
  Gd    3    S   -2  2.370280  0.552000  7.200000  6.00
  Ge    2   As   -3  2.380840  0.458000  2.000000  6.50
  Ge    2   Br   -1  2.200610  0.531000  6.000000  6.00
  Ge    2   Cl   -1  2.074940  0.490000  5.000000  5.50
  Ge    2    I   -1  2.291290  0.591000  6.000000  7.00
  Ge    2    N   -3  1.861220  0.461000  2.000000  6.00
  Ge    2    P   -3  2.227770  0.580000  2.000000  6.50
  Ge    2   Te   -2  2.269370  0.585000  6.000000  7.00
  Ge    4   As   -3  2.469530  0.465000  3.857140  6.00
  Ge    4   Cl   -1  2.076190  0.610000  5.000000  6.00
  Ge    4    F   -1  1.578640  0.484000  6.000000  5.50
  Ge    4    I   -1  2.433900  0.711000  4.000000  7.50
  Ge    4    N   -3  1.847580  0.469000  4.000000  6.00
  Ge    4    O   -2  1.739390  0.396000  4.287430  5.00
  Ge    4    P   -3  2.313840  0.552000  4.000000  6.50
  Ge    4    S   -2  2.191830  0.514000  4.000000  6.00
  Ge    4   Se   -2  2.332640  0.545000  4.000000  6.00
  Ge    4   Te   -2  2.574610  0.593000  3.666670  7.00
   H    1   Br   -1  1.070540  0.725000  1.800000  6.00
   H    1   Cl   -1  1.010440  0.685000  1.670000  5.50
   H    1    F   -1  0.707790  0.558000  1.800000  4.50
   H    1    I   -1  1.177770  0.786000  1.000000  6.50
   H    1    O   -2  0.870450  0.457000  1.400000  4.00
   H    1    S   -2  1.191640  0.591000  1.000000  5.50
   H    1   Se   -2  1.297500  0.625000  1.000000  6.00 ! RCN estimated
   H    1   Te   -2  1.403900  0.678000  1.000000  6.50 ! RCN estimated
  Hf    4   Cl   -1  2.244390  0.483000  6.000000  6.50
  Hf    4    F   -1  1.775200  0.469000  7.250000  5.50
  Hf    4    I   -1  2.576770  0.584000  6.000000  7.00
  Hf    4    O   -2  1.833610  0.478000  7.105260  6.00
  Hf    4    S   -2  2.235500  0.615000  6.000000  7.00
  Hf    4   Se   -2  2.378930  0.645000  6.000000  7.50
  Hg    1   Cl   -1  2.173410  0.455000  5.000000  5.50
  Hg    1    F   -1  1.765070  0.473000  5.000000  5.50
  Hg    1    O   -2  1.812800  0.465000  4.430000  5.50
  Hg    2   Br   -1  2.254440  0.495000  5.000000  6.00
  Hg    2   Cl   -1  2.170090  0.455000  5.230000  5.50 
  Hg    2    F   -1  1.733800  0.473000  6.285710  5.50
  Hg    2    I   -1  2.381630  0.555000  4.000000  6.00
  Hg    2    O   -2  1.812760  0.465000  6.480000  5.50
  Hg    2    S   -2  2.205010  0.473000  4.390000  5.50
  Hg    2   Se   -2  2.251790  0.504000  4.000000  6.00
  Hg    2   Te   -2  2.379170  0.549000  4.000000  7.00
  Ho    3    F   -1  1.844850  0.424000  8.333330  5.50
  Ho    3    O   -2  1.970990  0.415000  7.370000  5.50
  Ho    3    S   -2  2.337980  0.522000  6.875000  6.00
  Hx    1   Br   -1  1.150000  0.725000  1.800000  6.00 ! RCN estimated
  Hx    1   Cl   -1  0.960000  0.685000  1.670000  5.50 ! RCN estimated
  Hx    1    F   -1  0.666530  0.558000  1.800000  4.50
  Hx    1    I   -1  1.240000  0.786000  1.000000  6.50 ! RCN estimated
  Hx    1    O   -2  0.781500  0.457000  1.400000  4.00 ! RCN estimated
  Hx    1    S   -2  1.097780  0.591000  1.000000  5.50
  Hx    1   Se   -2  1.212800  0.625000  1.000000  6.00 ! RCN estimated
  Hx    1   Te   -2  1.317100  0.678000  1.000000  6.50 ! RCN estimated
   I    5    F   -1  1.855660  0.370000  4.923080  7.00
   I    5    O   -2  1.977750  0.424000  3.074630  6.00
   I    7    O   -2  1.922740  0.419000  5.800000  5.50
  In    1   Br   -1  2.466650  0.454000  8.400000  6.00
  In    1   Cl   -1  2.438630  0.413000  8.500000  6.00
  In    1    I   -1  2.507690  0.514000  7.833330  7.00
  In    1   Te   -2  2.477930  0.508000  7.666670  6.50
  In    3   As   -3  2.543280  0.553000  4.000000  6.50
  In    3   Br   -1  2.289360  0.589000  4.400000  6.50
  In    3   Cl   -1  2.134740  0.548000  6.000000  6.00
  In    3    F   -1  1.757280  0.421000  6.470590  5.50
  In    3    I   -1  2.477730  0.667000  4.000000  7.00
  In    3    N   -3  2.023410  0.416000  4.000000  6.00
  In    3    O   -2  1.903050  0.353000  6.000000  5.00
  In    3    P   -3  2.509660  0.446000  3.833330  6.00
  In    3    S   -2  2.307970  0.456000  5.453330  6.00
  In    3   Sb   -3  2.643910  0.634000  4.000000  7.00
  In    3   Se   -2  2.430510  0.484000  4.300000  6.00
  In    3   Te   -2  2.622780  0.534000  4.000000  6.50
  Ir    3   Cl   -1  2.058230  0.402000  6.000000  5.50
  Ir    4    O   -2  1.832330  0.436000  6.000000  5.50
  Ir    5    O   -2  1.897910  0.479000  6.000000  6.00
   K    1   As   -3  2.358050  0.674000  5.263160  7.50
   K    1   Br   -1  2.172060  0.595000 10.000000  7.00
   K    1   Cl   -1  2.076730  0.555000  9.038460  6.50
   K    1    F   -1  1.833310  0.428000  9.798080  5.50
   K    1    H   -1  1.876390  0.451000  9.090910  5.50
   K    1    I   -1  2.288800  0.655000  8.440000  7.00
   K    1    N   -3  2.000890  0.525000  7.000000  6.00
   K    1   Nx   -3  1.966280  0.525000  6.478260  6.00
   K    1    O   -2  1.942330  0.436000  8.754720  6.00
   K    1    P   -3  2.373780  0.644000  5.041670  7.00
   K    1    S   -2  2.168030  0.573000  7.530000  6.50
   K    1   Sb   -3  2.547200  0.749000  4.270000  8.00
   K    1   Se   -2  2.297120  0.604000  6.550000  7.00
   K    1   Te   -2  2.418020  0.649000  6.400000  7.00
  La    3   Cl   -1  2.430990  0.459000  7.500000  6.00
  La    3    F   -1  1.965770  0.443000 10.285710  5.50
  La    3    O   -2  2.063920  0.451000  9.270000  5.50
  La    3    S   -2  2.403300  0.588000  7.944440  6.50
  Li    1   As   -3  1.508850  0.754000  4.230000  7.50
  Li    1   Br   -1  1.512880  0.675000  5.846150  7.00
  Li    1   Cl   -1  1.398920  0.634000  5.866670  6.50
  Li    1    F   -1  1.086740  0.508000  5.557690  5.50
  Li    1    H   -1  1.038950  0.531000  7.714290  5.50
  Li    1    I   -1  1.648290  0.735000  5.818180  7.00
  Li    1    N   -3  1.154300  0.637000  4.155560  6.00
  Li    1   Nx   -3  1.123500  0.605000  6.000000  6.00
  Li    1    O   -2  1.170960  0.516000  5.072920  5.50
  Li    1    P   -3  1.478630  0.724000  4.166670  7.00
  Li    1    S   -2  1.466520  0.653000  4.384620  6.00
  Li    1   Sb   -3  1.690210  0.821000  4.333330  8.00
  Li    1   Se   -2  1.602740  0.684000  4.333330  7.00
  Li    1   Te   -2  1.710280  0.729000  5.142860  7.00
  Lu    3   Cl   -1  2.284000  0.433000  6.000000  6.00
  Lu    3    F   -1  1.807380  0.412000  7.000000  5.50
  Lu    3    O   -2  1.917280  0.421000  6.765960  5.50
  Lu    3    S   -2  2.281190  0.557000  6.076920  7.00
  Mg    2   As   -3  2.044000  0.750000  4.666670  8.00
  Mg    2   Br   -1  1.890590  0.671000  6.000000  7.00
  Mg    2   Cl   -1  1.782760  0.630000  6.000000  6.50
  Mg    2    F   -1  1.409560  0.504000  6.000000  5.50
  Mg    2    H   -1  1.286890  0.559000  8.300000  5.50
  Mg    2   Hx   -1  1.274740  0.527000  4.666670  5.50
  Mg    2    I   -1  2.045000  0.731000  6.000000  7.00 ! RCN estimated
  Mg    2    N   -3  1.635210  0.601000  4.142860  6.00
  Mg    2    O   -2  1.483980  0.512000  5.896550  5.50
  Mg    2    P   -3  2.131030  0.563000  4.333330  7.50
  Mg    2    S   -2  1.823720  0.649000  5.555560  6.50
  Mg    2   Sb   -3  2.392710  0.634000  4.400000  8.00
  Mg    2   Se   -2  1.704300  0.708000  4.750000  7.00 ! RCN estimated
  Mg    2   Te   -2  1.949700  0.680000  4.000000  7.00 ! RCN estimated
  Mn    2   As   -3  2.170910  0.567000  4.100000  6.50
  Mn    2   Br   -1  2.089840  0.528000  5.777780  6.00
  Mn    2   Cl   -1  1.996810  0.488000  5.904760  6.00
  Mn    2    F   -1  1.564910  0.474000  6.121210  5.50
  Mn    2    I   -1  2.260450  0.588000  6.000000  6.50
  Mn    2    N   -3  1.473400  0.606000  4.333330  6.50
  Mn    2    O   -2  1.627580  0.481000  5.941940  5.50
  Mn    2    S   -2  2.154680  0.406000  5.307690  5.50
  Mn    2   Se   -2  2.247510  0.431000  4.400000  5.50
  Mn    2   Te   -2  2.424510  0.470000  4.333330  6.00
  Mn    3    F   -1  1.601840  0.446000  6.000000  5.50
  Mn    3    O   -2  1.689930  0.437000  5.861540  5.50
  Mn    4   Cl   -1  2.065410  0.517000  6.000000  6.50
  Mn    4    F   -1  1.616060  0.410000  6.000000  5.00
  Mn    4    O   -2  1.732720  0.402000  5.923070  5.00
  Mn    4    S   -2  2.300570  0.536000  6.000000  6.00 ! RCN estimated
  Mn    5    O   -2  1.788790  0.413000  4.000000  5.50
  Mn    6    O   -2  1.820180  0.416000  4.000000  5.50
  Mn    7    O   -2  1.873620  0.520000  4.000000  6.50
  Mo    2   Br   -1  2.222180  0.401000  5.000000  5.50
  Mo    2   Cl   -1  2.051750  0.441000  5.000000  5.50
  Mo    2    I   -1  2.357050  0.461000  5.000000  6.00
  Mo    2    S   -2  2.071690  0.422000  5.000000  5.50
  Mo    3   Br   -1  2.191470  0.541000  6.000000  6.00
  Mo    3   Cl   -1  2.089410  0.501000  6.000000  6.00
  Mo    3    F   -1  1.738190  0.427000  6.000000  5.50
  Mo    3    O   -2  1.789330  0.418000  5.700000  5.50
  Mo    3    S   -2  2.062570  0.519000  6.000000  6.00
  Mo    4   Cl   -1  2.128300  0.558000  6.000000  6.50
  Mo    4    O   -2  1.723900  0.562000  6.000000  6.50
  Mo    5    O   -2  1.847600  0.482000  5.960000  5.50
  Mo    6   Br   -1  2.303700  0.663000  6.000000  6.50 ! RCN estimated
  Mo    6   Cl   -1  2.088800  0.622000  6.000000  6.50 ! RCN estimated
  Mo    6    I   -1  2.619100  0.723000  5.000000  7.00 ! RCN estimated
  Mo    6    O   -2  1.909340  0.391000  4.630000  5.00
  Mo    6    S   -2  2.187000  0.641000  4.000000  6.50 ! RCN estimated
  Mo    6   Se   -2  2.382400  0.672000  4.000000  6.50 ! RCN estimated
  Mo    6   Te   -2  2.660000  0.717000  4.000000  6.50 ! RCN estimated
   N    3    N   -3  1.725550  0.537000  1.000000  6.00
   N    3    O   -2  1.407950  0.448000  2.000000  5.00
   N    5    F   -1  1.407170  0.550000  4.000000  6.00
   N    5    N   -3  1.683900  0.532000  2.000000  6.00
   N    5    O   -2  1.462670  0.450000  3.000000  5.00
  Na    1   As   -3  1.935780  0.720000  4.890000  7.50
  Na    1   Br   -1  1.782280  0.641000  6.000000  7.00
  Na    1   Cl   -1  1.694890  0.601000  6.619050  6.50
  Na    1    F   -1  1.428850  0.474000  7.140000  5.50
  Na    1    H   -1  1.449710  0.497000  7.600000  5.50
  Na    1    I   -1  1.943890  0.701000  6.000000  7.00
  Na    1    N   -3  1.607250  0.571000  5.200000  6.00
  Na    1    Nx  -3  1.482160  0.571000  6.000000  6.00
  Na    1    O   -2  1.562250  0.482000  5.900000  6.00
  Na    1    P   -3  1.895760  0.690000  4.843750  7.00
  Na    1    S   -2  1.831420  0.619000  5.760000  6.50
  Na    1   Sb   -3  1.987670  0.795000  5.100000  8.00
  Na    1   Se   -2  1.898800  0.650000  5.870000  7.00
  Na    1   Te   -2  2.030110  0.695000  5.800000  7.00
  Nb    2   Te   -2  2.390870  0.448000  6.000000  6.00
  Nb    3    O   -2  1.745810  0.501000  6.000000  6.00
  Nb    4    F   -1  1.758440  0.534000  6.000000  6.00
  Nb    4    O   -2  1.785430  0.526000  6.000000  6.00
  Nb    4    S   -2  2.280120  0.412000  5.750000  5.50
  Nb    5   As   -3  2.664760  0.640000  4.000000  7.00
  Nb    5   Cl   -1  2.209860  0.616000  6.000000  6.50
  Nb    5    F   -1  1.760340  0.489000  6.000000  5.50
  Nb    5    N   -3  2.028840  0.480000  4.400000  6.00
  Nb    5    O   -2  1.865880  0.498000  6.043750  5.50
  Nb    5    S   -2  2.396306  0.640000  4.000000  7.00
  Nd    3    F   -1  1.910990  0.437000 10.000000  5.50
  Nd    3    O   -2  2.024250  0.428000  8.210000  5.50
  Nd    3    S   -2  2.446240  0.510000  7.700000  6.00
  Nh    1   Br   -1  2.232800  0.601000  9.692310  6.50
  Nh    1   Cl   -1  2.153620  0.561000  9.420000  6.50
  Nh    1    F   -1  1.979330  0.434000 10.100000  5.50
  Nh    1    I   -1  2.405760  0.661000  6.909090  7.00
  Nh    1    O   -2  2.033800  0.442000  9.590000  6.00
  Nh    1    S   -2  2.242640  0.579000  8.180000  7.00
  Nh    1   Se   -2  2.348000  0.610000  8.000000  7.00 ! RCN estimated
  Nh    1   Te   -2  2.481000  0.655000  7.500000  7.50 ! RCN estimated
  Ni    2   Br   -1  1.967290  0.516000  6.000000  6.00
  Ni    2   Cl   -1  1.876660  0.476000  6.000000  5.50
  Ni    2    F   -1  1.496250  0.452000  6.000000  5.00
  Ni    2    O   -2  1.559190  0.443000  5.933330  5.50
  Ni    2    P   -3  2.068900  0.323000  4.000000  6.50
  Ni    2    S   -2  1.856950  0.494000  4.700000  5.50
  Ni    2   Se   -2  1.898630  0.525000  5.250000  6.00
  Ni    2   Te   -2  2.111750  0.571000  4.000000  6.50
  Ni    3    F   -1  1.568690  0.423000  6.000000  5.00
  Ni    3    O   -2  1.648880  0.414000  6.000000  5.50
  Ni    3    S   -2  1.921200  0.523000  5.000000  5.50
  Ni    4    F   -1  1.614530  0.411000  6.000000  5.50
  Ni    4    O   -2  1.721590  0.402000  6.000000  5.00
  Np    4    O   -2  1.945810  0.531000  7.333330  6.00
  Np    5    O   -2  2.030350  0.431000  7.000000  5.50
  Np    6    O   -2  2.015710  0.500000  7.000000  6.00
  Os    4   Br   -1  2.306150  0.461000  6.000000  6.00
  Os    4   Cl   -1  2.155720  0.421000  6.000000  6.00
  Os    4    O   -2  1.753020  0.498000  6.000000  6.00
  Os    5    F   -1  1.758150  0.488000  6.000000  6.00
  Os    6    O   -2  1.931920  0.463000  6.000000  5.50
  Os    7    O   -2  1.957750  0.479000  6.000000  5.50
  Os    8    O   -2  1.972610  0.512000  5.400000  6.00
   P    3    O   -2  1.515250  0.402000  3.000000  4.50
   P    3    S   -2  1.960890  0.536000  3.000000  6.00
   P    5   Br   -1  2.210500  0.703000  4.000000  7.00 ! RCN estimated
   P    5   Cl   -1  2.010930  0.662000  4.000000  7.00
   P    5    F   -1  1.476100  0.535000  6.000000  7.00
   P    5    I   -1  2.497920  0.763000  4.000000  7.50
   P    5    N   -3  1.732670  0.517000  4.000000  6.00
   P    5    O   -2  1.620380  0.437000  4.000000  5.00
   P    5    S   -2  2.149170  0.566000  4.000000  6.00
   P    5   Se   -2  2.320760  0.600000  4.000000  7.00
   P    5   Te   -2  2.580000  0.651000  4.000000  7.50 ! RCN estimated
  Pb    2   Br   -1  2.431600  0.515000  7.430000  6.00
  Pb    2   Cl   -1  2.346410  0.474000  7.330000  5.50
  Pb    2    F   -1  1.909160  0.453000  9.180000  6.00
  Pb    2    I   -1  2.567250  0.575000  6.000000  7.00
  Pb    2    N   -3  2.098820  0.445000  5.000000  6.00
  Pb    2    O   -2  2.019170  0.433000  7.510000  5.50
  Pb    2    S   -2  2.387580  0.493000  7.430000  6.00
  Pb    2   Se   -2  2.467550  0.524000  7.140000  6.50
  Pb    4    F   -1  1.934280  0.424000  6.000000  5.50
  Pb    4    O   -2  2.032930  0.354000  5.703700  5.00
  Pd    1   As   -3  1.819660  0.532000  3.600000  6.50
  Pd    2   As   -3  2.041080  0.639000  4.000000  7.00
  Pd    2   Br   -1  2.101830  0.462000  4.000000  5.50
  Pd    2   Cl   -1  1.998180  0.421000  4.000000  5.00
  Pd    2    F   -1  1.568850  0.506000  5.172410  5.50
  Pd    2    O   -2  1.623590  0.498000  4.000000  5.50
  Pd    2    P   -3  1.952850  0.641000  4.000000  7.00
  Pd    2    S   -2  2.025590  0.439000  4.000000  5.50
  Pd    2   Se   -2  2.134440  0.471000  4.000000  6.00
  Pd    4   Cl   -1  2.126620  0.470000  6.000000  6.00
  Pd    4    F   -1  1.685820  0.457000  6.000000  5.50
  Pd    4    O   -2  1.805000  0.449000  5.333330  5.50
  Pd    4   Se   -2  2.311150  0.520000  6.000000  6.50
  Pr    3   Cl   -1  2.486190  0.387000  7.400000  5.50
  Pr    3    F   -1  1.917520  0.448000  9.000000  5.50
  Pr    3    O   -2  2.036520  0.439000  8.830000  5.50
  Pr    3    S   -2  2.464960  0.499000  7.750000  6.00
  Pr    3   Se   -2  2.526760  0.529000  7.666670  7.00
  Pt    2   Cl   -1  1.976990  0.456000  4.000000  5.50
  Pt    2    O   -2  1.657670  0.463000  4.000000  5.50
  Pt    2    S   -2  2.024500  0.438000  4.000000  5.50
  Pt    2   Se   -2  2.165250  0.407000  4.000000  6.00
  Pt    3    O   -2  1.665590  0.546000  5.000000  5.50
  Pt    4   Cl   -1  2.141100  0.440000  6.000000  6.00
  Pt    4    F   -1  1.690890  0.488000  6.000000  5.50
  Pt    4    O   -2  1.821980  0.479000  6.000000  5.50
  Pt    4    S   -2  2.199990  0.458000  6.000000  6.00
  Pt    4   Se   -2  2.309430  0.489000  6.000000  6.00
  Pt    5    F   -1  1.785730  0.424000  6.000000  5.50
  Pu    3   Cl   -1  2.276860  0.548000  7.666670  7.00
  Pu    4    O   -2  2.079380  0.363000  7.333330  5.50
  Rb    1   As   -3  2.544290  0.650000  5.272730  7.50
  Rb    1   Br   -1  2.343620  0.572000  9.774190  7.00
  Rb    1   Cl   -1  2.265850  0.531000  9.730000  6.50
  Rb    1    F   -1  1.991370  0.404000 10.466670  5.50
  Rb    1    H   -1  2.050820  0.428000  8.800000  5.50
  Rb    1    I   -1  2.464450  0.632000  9.000000  7.00
  Rb    1    N   -3  2.192210  0.501000  8.416670  6.00
  Rb    1   Nx   -3  2.149880  0.501000  6.307690  6.00
  Rb    1    O   -2  2.085970  0.413000  9.770000  6.50
  Rb    1    P   -3  2.529210  0.621000  5.400000  7.00
  Rb    1    S   -2  2.308170  0.550000  6.482760  6.50
  Rb    1   Se   -2  2.403640  0.580000  7.315790  7.00
  Rb    1   Sb   -3  2.694080  0.725000  5.000000  8.00
  Rb    1   Te   -2  2.434630  0.626000  9.670000  7.50
  Re    3   Br   -1  2.304190  0.422000  4.750000  5.50
  Re    3   Cl   -1  2.157810  0.420000  5.000000  5.50
  Re    3    S   -2  2.207100  0.401000  5.000000  6.00
  Re    4   Cl   -1  2.185130  0.412000  6.000000  5.50
  Re    4    O   -2  1.782370  0.507000  6.000000  6.00
  Re    5    O   -2  1.826640  0.479000  6.000000  6.00
  Re    6    O   -2  1.910070  0.498000  5.500000  6.00
  Re    7    O   -2  1.977920  0.508000  4.097560  6.00
  Rh    3   Cl   -1  2.037220  0.440000  6.000000  5.00
  Rh    3    F   -1  1.636920  0.488000  6.000000  5.50
  Rh    3    O   -2  1.670130  0.478000  6.000000  5.50
  Rh    4    F   -1  1.686860  0.406000  6.000000  5.50
  Rh    4    O   -2  1.776750  0.403000  6.000000  5.50
  Ru    3   Cl   -1  1.995200  0.489000  6.000000  5.50
  Ru    3    O   -2  1.720660  0.430000  6.000000  5.50
  Ru    4    O   -2  1.793630  0.449000  6.000000  5.50
  Ru    5    F   -1  1.776340  0.445000  6.000000  5.50
  Ru    5    O   -2  1.874420  0.436000  6.000000  5.50
  Ru    6    O   -2  1.925790  0.425000  4.500000  5.50
   S    2    O   -2  1.669160  0.545000  3.000000  7.00 ! RCN estimated
   S    3    N   -3  1.770060  0.432000  2.000000  6.00
   S    4   Cl   -1  2.052690  0.545000  3.000000  6.50
   S    4    N   -3  1.810790  0.515000  2.000000  6.00
   S    4    O   -2  1.642820  0.427000  3.000000  5.50
   S    6    F   -1  1.550000  0.441000  6.000000  5.00 
   S    6    O   -2  1.642200  0.441000  4.000000  5.00
   S    6    S   -2  2.200000  0.571000  4.000000  5.50 ! RCN estimated
  Sb    3   Br   -1  2.381650  0.537000  4.750000  7.00
  Sb    3   Cl   -1  2.308310  0.496000  4.600000  6.00
  Sb    3    F   -1  1.834480  0.431000  4.720000  5.50
  Sb    3    I   -1  2.599050  0.597000  6.000000  7.50
  Sb    3    O   -2  1.920360  0.423000  4.540000  5.00
  Sb    3    S   -2  2.369470  0.515000  4.870000  6.00
  Sb    3   Se   -2  2.475860  0.546000  5.290000  6.50
  Sb    3   Te   -2  2.731390  0.591000  4.000000  7.00
  Sb    5   Cl   -1  2.223200  0.616000  6.000000  6.50
  Sb    5    F   -1  1.766030  0.489000  6.000000  6.00
  Sb    5    O   -2  1.897680  0.400000  6.000000  5.50
  Sb    5    S   -2  2.442540  0.520000  4.000000  6.00
  Sb    5   Se   -2  2.589780  0.551000  4.000000  7.00
  Sb    5   Te   -2  2.581900  0.599000  4.000000  7.50 ! RCN estimated
  Sc    3   Cl   -1  2.113290  0.612000  6.000000  6.50
  Sc    3    F   -1  1.653250  0.485000  6.166670  6.00
  Sc    3    O   -2  1.732200  0.494000  6.254900  5.50
  Sc    3    S   -2  2.094500  0.631000  6.047620  7.00
  Se    4   Br   -1  2.327230  0.585000  6.000000  7.00
  Se    4   Cl   -1  2.158490  0.545000  6.000000  6.50
  Se    4    O   -2  1.800950  0.427000  3.000000  5.50
  Se    6    O   -2  1.798660  0.416000  4.000000  5.50
  Si    2    I   -1  2.322770  0.578000  2.000000  6.50
  Si    4   As   -3  2.387720  0.340000  3.666670  6.00
  Si    4    F   -1  1.456540  0.529000  6.000000  5.50
  Si    4    N   -3  1.711970  0.455000  4.000000  6.00
  Si    4    O   -2  1.608170  0.432000  4.100000  5.00
  Si    4    P   -3  2.256660  0.404000  4.000000  6.50
  Si    4    S   -2  2.099750  0.560000  4.000000  6.50
  Si    4   Se   -2  2.235510  0.593000  4.000000  6.50 ! RCN estimated
  Sm    3    F   -1  1.888440  0.441000  8.428570  5.50
  Sm    3    O   -2  2.011680  0.433000  7.809520  5.50
  Sm    3    S   -2  2.414600  0.505000  7.666670  6.00
  Sm    3   Te   -2  2.719790  0.581000  6.000000  7.00
  Sn    2   As   -3  2.383700  0.695000  3.000000  7.00
  Sn    2   Br   -1  2.373690  0.501000  7.000000  6.00
  Sn    2   Cl   -1  2.287570  0.461000  5.800000  5.50
  Sn    2    F   -1  1.801410  0.467000  7.448000  6.00 ! RCN estimated
  Sn    2    I   -1  2.543760  0.562000  6.300000  7.00
  Sn    2    O   -2  1.874990  0.458000  3.680000  5.50
  Sn    2    P   -3  2.299690  0.550000  3.000000  6.50
  Sn    2    S   -2  2.324970  0.479000  5.600000  6.00
  Sn    2   Sb   -3  2.587800  0.655000  3.000000  7.00
  Sn    4   As   -3  2.581580  0.522000  4.000000  6.50
  Sn    4   Cl   -1  2.176430  0.588000  5.888890  6.50
  Sn    4    F   -1  1.755580  0.461000  6.000000  5.50
  Sn    4    N   -3  1.993610  0.449000  6.000000  6.00
  Sn    4    O   -2  1.890190  0.379000  6.068970  5.00
  Sn    4    P   -3  2.537390  0.523000  4.000000  6.50
  Sn    4    S   -2  2.362560  0.492000  5.000000  6.00
  Sn    4   Se   -2  2.507250  0.522000  4.105260  6.00
  Sn    4   Te   -2  2.731120  0.568000  4.000000  7.00
  Sr    2   As   -3  2.512480  0.568000  6.444440  8.00
  Sr    2   Br   -1  2.299140  0.614000  8.333300  7.00 ! RCN estimated
  Sr    2   Cl   -1  2.201970  0.573000  7.000000  6.50
  Sr    2    F   -1  1.868170  0.446000  8.830000  5.50
  Sr    2    H   -1  1.812750  0.470000 11.750000  6.00
  Sr    2    I   -1  2.466950  0.674000  7.500000  7.50 ! RCN estimated
  Sr    2    N   -3  2.094770  0.544000  6.428570  6.50
  Sr    2    O   -2  1.953110  0.455000  9.200000  5.50
  Sr    2    P   -3  2.378380  0.663000  6.125000  7.50
  Sr    2    S   -2  2.267650  0.591000  8.148150  7.00
  Sr    2   Sb   -3  2.787950  0.518000  7.000000  8.00
  Sr    2   Se   -2  2.367180  0.622000  8.000000  7.00
  Sr    2   Te   -2  2.540500  0.668000  7.500000  7.00 ! RCN estimated
  Ta    2   Te   -2  2.206890  0.593000  5.250000  6.00
  Ta    3    F   -1  1.523140  0.555000  6.000000  6.00
  Ta    4    O   -2  1.756320  0.546000  5.500000  6.00
  Ta    4    S   -2  2.289350  0.410000  5.666670  5.50
  Ta    4   Se   -2  2.361280  0.422000  6.000000  6.00
  Ta    5   Cl   -1  2.214420  0.604000  6.000000  6.50
  Ta    5    F   -1  1.790110  0.477000  6.400000  5.50
  Ta    5    N   -3  2.041240  0.390000  4.666670  6.00
  Ta    5    O   -2  1.868160  0.486000  6.089890  5.50
  Ta    5    S   -2  2.247390  0.622000  7.166670  6.50
  Ta    5   Se   -2  2.512630  0.654000  4.000000  7.00
  Ta    5   Te   -2  2.718240  0.699000  4.000000  7.00
  Tb    3   Cl   -1  2.295260  0.486000  8.500000  6.00
  Tb    3    F   -1  1.840410  0.442000  8.666670  5.50
  Tb    3    O   -2  1.956750  0.433000  7.833330  5.50
  Tb    3    S   -2  2.363840  0.505000  7.600000  6.00
  Tb    4    O   -2  1.962440  0.494000  6.000000  6.00
  Tc    4   Cl   -1  2.158610  0.470000  6.000000  6.00
  Tc    7    O   -2  1.964280  0.514000  4.000000  6.00
  Te    2    O   -2  1.391680  0.612000  2.000000  6.50
  Te    4   Br   -1  2.461080  0.559000  6.000000  7.00
  Te    4   Cl   -1  2.305630  0.518000  5.900000  6.50
  Te    4    I   -1  2.676750  0.619000  6.000000  7.50
  Te    4    O   -2  1.952900  0.401000  3.540000  5.50
  Te    6    O   -2  1.913430  0.412000  6.000000  5.50
  Th    4    F   -1  1.973740  0.477000  8.944440  6.00
  Th    4    O   -2  2.048950  0.486000  8.852940  6.00
  Th    4    S   -2  2.529090  0.500000  8.666670  6.50
  Th    4   Se   -2  2.548500  0.611000  9.000000  7.50 ! RCN estimated
  Ti    2   Br   -1  2.154870  0.470000  6.000000  6.00
  Ti    2   Cl   -1  2.034270  0.429000  5.666670  5.50
  Ti    3   Cl   -1  2.127470  0.459000  6.000000  6.00
  Ti    3    F   -1  1.630660  0.468000  6.000000  5.50
  Ti    3    O   -2  1.697660  0.460000  6.000000  5.50
  Ti    3    S   -2  2.118130  0.478000  6.000000  6.00
  Ti    4   As   -3  2.438210  0.770000  4.000000  7.50
  Ti    4   Cl   -1  2.125770  0.507000  6.000000  6.00
  Ti    4    F   -1  1.661700  0.449000  6.000000  5.50
  Ti    4    O   -2  1.723940  0.503000  5.988440  5.50
  Ti    4    P   -3  2.374920  0.670000  4.000000  6.50
  Ti    4    S   -2  2.174520  0.640000  5.000000  7.00
  Ti    4   Te   -2  2.417930  0.716000  6.000000  7.50
  Tl    1   Br   -1  2.427720  0.477000  8.200000  6.00
  Tl    1   Cl   -1  2.367920  0.436000  8.375000  6.00
  Tl    1    F   -1  1.827370  0.491000  9.625000  6.00
  Tl    1    I   -1  2.486890  0.537000  8.066670  7.00
  Tl    1    O   -2  1.890240  0.483000  7.969230  6.00
  Tl    1    S   -2  2.382600  0.455000  7.180000  6.00
  Tl    1   Sb   -3  2.405230  0.630000  6.400000  7.00 ! RCN estimated
  Tl    1   Se   -2  2.399350  0.486000  7.806450  6.00
  Tl    1   Te   -2  2.505180  0.531000  6.380000  6.00
  Tl    3   Br   -1  2.359920  0.555000  4.500000  6.00
  Tl    3   Cl   -1  2.225670  0.514000  5.777780  6.00
  Tl    3    F   -1  1.856830  0.413000  7.000000  5.50
  Tl    3    O   -2  2.063440  0.338000  4.722220  5.00
  Tm    3    F   -1  1.817950  0.430000  8.000000  5.50 ! RCN estimated
  Tm    3    O   -2  1.949010  0.421000  6.794120  5.50
  Tm    3    S   -2  2.310700  0.516000  6.312500  6.00
   U    3   Cl   -1  2.383830  0.494000  7.250000  7.00
   U    3    S   -2  2.264060  0.600000  7.666670  7.00
   U    4   Cl   -1  2.381480  0.535000  7.333330  7.00
   U    4    O   -2  2.047780  0.428000  7.400000  6.00
   U    4    S   -2  2.451170  0.523000  7.666670  7.00
   U    4   Se   -2  2.443030  0.666000  8.333330  7.50
   U    5   Cl   -1  2.390760  0.550000  6.000000  7.00
   U    5    O   -2  2.011420  0.494000  6.545450  6.00
   U    6   Cl   -1  2.385900  0.660000  6.000000  7.00
   U    6    O   -2  2.023170  0.527000  7.000000  6.00
   V    2   Br   -1  2.102180  0.483000  6.000000  6.00
   V    2   Cl   -1  2.032670  0.442000  6.000000  5.50
   V    2    F   -1  1.533030  0.485000  6.000000  5.50
   V    2    O   -2  1.599760  0.477000  6.000000  5.50
   V    2    S   -2  1.898150  0.461000  6.000000  6.00
   V    3   Cl   -1  2.063340  0.480000  6.000000  5.50
   V    3    F   -1  1.615810  0.448000  6.000000  5.50
   V    3    O   -2  1.677990  0.439000  6.000000  5.50
   V    3    S   -2  2.026220  0.499000  5.920000  6.50
   V    3   Se   -2  2.136860  0.530000  6.000000  6.50
   V    4    F   -1  1.656290  0.430000  6.000000  5.00 ! RCN estimated
   V    4    O   -2  1.749320  0.426000  5.726190  5.00
   V    4    S   -2  2.167590  0.512000  6.000000  6.50
   V    5    O   -2  1.794450  0.510000  4.150000  5.50
   V    5    S   -2  2.292520  0.647000  4.000000  7.00
   W    2   Br   -1  1.957170  0.647000  5.000000  7.00
   W    3   Cl   -1  2.122370  0.428000  5.666670  5.00
   W    4   Br   -1  2.351700  0.439000  6.000000  6.50
   W    4    O   -2  1.745580  0.520000  6.000000  6.00
   W    4    S   -2  2.222670  0.417000  6.000000  6.00
   W    5   Cl   -1  2.244890  0.420000  6.000000  6.00
   W    5    O   -2  1.819750  0.498000  6.000000  6.00
   W    6   Cl   -1  2.214970  0.617000  6.000000  7.00
   W    6    O   -2  1.906410  0.401000  5.688310  5.00
  Xe    2    F   -1  1.774070  0.569000  2.000000  6.50
  Xe    4    F   -1  1.855670  0.529000  4.140000  6.50
  Xe    6    F   -1  1.861570  0.431000  5.461540  6.00
   Y    3   Br   -1  2.409220  0.522000  6.000000  6.50
   Y    3   Cl   -1  2.288670  0.483000  6.400000  6.50
   Y    3    F   -1  1.892620  0.379000  7.529410  5.50
   Y    3    N   -3  1.943270  0.620000  6.000000  6.50
   Y    3    O   -2  1.903840  0.478000  7.284620  5.50
   Y    3    S   -2  2.259230  0.615000  6.416670  7.00
  Yb    2   Cl   -1  2.294640  0.409000  6.500000  5.50
  Yb    2    H   -1  1.579460  0.496000 10.000000  6.00
  Yb    2    O   -2  1.632540  0.510000  7.000000  5.50
  Yb    2    S   -2  2.400790  0.427000  7.750000  6.00
  Yb    2   Se   -2  2.440470  0.458000  6.000000  7.00
  Yb    3    F   -1  1.809740  0.435000  7.500000  5.50
  Yb    3    O   -2  1.928720  0.426000  6.860000  5.50
  Yb    3    S   -2  2.312450  0.511000  6.125000  6.00
  Yb    3   Se   -2  2.421130  0.542000  6.000000  7.00
  Zn    2   As   -3  1.847500  0.770000  4.142860  7.50
  Zn    2   Br   -1  1.987410  0.562000  4.000000  6.00
  Zn    2   Cl   -1  1.881950  0.521000  4.000000  6.00
  Zn    2    F   -1  1.574470  0.406000  5.769230  5.00
  Zn    2    I   -1  2.152800  0.622000  4.000000  6.50
  Zn    2    O   -2  1.653440  0.403000  4.718390  5.00
  Zn    2    P   -3  2.152970  0.440000  3.769230  7.00
  Zn    2    S   -2  1.943730  0.540000  4.173910  6.00
  Zn    2   Se   -2  2.000750  0.571000  4.000000  6.00
  Zn    2   Te   -2  2.151260  0.616000  4.000000  7.00
  Zr    2   Cl   -1  2.120720  0.478000  5.000000  6.00
  Zr    2    H   -1  1.197980  0.582000  8.140000  6.00
  Zr    2    I   -1  2.492960  0.424000  6.000000  5.50
  Zr    3    I   -1  2.566250  0.472000  6.000000  6.00
  Zr    4   Br   -1  2.328150  0.648000  6.000000  7.00
  Zr    4   Cl   -1  2.184370  0.608000  6.000000  6.50
  Zr    4    F   -1  1.831740  0.388000  7.083330  5.50
  Zr    4    N   -3  2.010420  0.570000  5.500000  6.50
  Zr    4    O   -2  1.845050  0.490000  6.764710  5.50
  Zr    4    S   -2  2.262650  0.626000  6.333330  7.00
DATA_END
# Na-Se, Na-Te are currently estimated
# Nx = N3- in CN- group
# SCN- group not included
# Last update: 2017-08-08
# Old entry removed:  Re    4    S   -2  2.268000  0.431000  5.400000  6.00