125
0     0.000000
Li 0.000000 0.000000 0.000000
Li 0.000000 0.000000 0.000000
Li 0.000000 0.000000 0.000000
Li 0.000000 0.000000 0.000000
Li 0.000000 0.000000 0.000000
Li 0.000000 0.000000 0.000000
Li 0.000000 0.000000 0.000000
Li 0.000000 0.000000 0.000000
Li 0.000000 0.000000 0.000000
Li 0.000000 0.000000 0.000000
Li 0.000000 0.000000 0.000000
Li 0.000000 0.000000 0.000000
Li 0.000000 0.000000 0.000000
Li 0.000000 0.000000 0.000000
Li 0.000000 0.000000 0.000000
Li 0.000000 0.000000 0.000000
Li 0.000000 0.000000 0.000000
Li 0.000000 0.000000 0.000000
Li 0.000000 0.000000 0.000000
Li 0.000000 0.000000 0.000000
Li 0.000000 0.000000 0.000000
Li 0.000000 0.000000 0.000000
Li 0.000000 0.000000 0.000000
Li 0.000000 0.000000 0.000000
Li 0.000000 0.000000 0.000000
Li 0.000000 0.000000 0.000000
Li 0.000000 0.000000 0.000000
Li 0.000000 0.000000 0.000000
Li 0.000000 0.000000 0.000000
Li 0.000000 0.000000 0.000000
Li 0.000000 0.000000 0.000000
Li 0.000000 0.000000 0.000000
Li 0.000000 0.000000 0.000000
Li 0.000000 0.000000 0.000000
Li 0.000000 0.000000 0.000000
Li 0.000000 0.000000 0.000000
Li 0.000000 0.000000 0.000000
Li 0.000000 0.000000 0.000000
Li 0.000000 0.000000 0.000000
Li 0.000000 0.000000 0.000000
Li 0.000000 0.000000 0.000000
Li 0.000000 0.000000 0.000000
Li 0.000000 0.000000 0.000000
Li 0.000000 0.000000 0.000000
Li 0.000000 0.000000 0.000000
Li 0.000000 0.000000 0.000000
Li 0.000000 0.000000 0.000000
Li 0.000000 0.000000 0.000000
Li 0.000000 0.000000 0.000000
Li 0.000000 0.000000 0.000000
Li 0.000000 0.000000 0.000000
Li 0.000000 0.000000 0.000000
Li 0.000000 0.000000 0.000000
Li 0.000000 0.000000 0.000000
Li 0.000000 0.000000 0.000000
Li 0.000000 0.000000 0.000000
Li 0.000000 0.000000 0.000000
Li 0.000000 0.000000 0.000000
Li 0.000000 0.000000 0.000000
Li 0.000000 0.000000 0.000000
Li 0.000000 0.000000 0.000000
Li 0.000000 0.000000 0.000000
Li 0.000000 0.000000 0.000000
Li 0.000000 0.000000 0.000000
Li 0.000000 0.000000 0.000000
Li 0.000000 0.000000 0.000000
Li 0.000000 0.000000 0.000000
Li 0.000000 0.000000 0.000000
Li 0.000000 0.000000 0.000000
Li 0.000000 0.000000 0.000000
Li 0.000000 0.000000 0.000000
Li 0.000000 0.000000 0.000000
Li 0.000000 0.000000 0.000000
Li 0.000000 0.000000 0.000000
Li 0.000000 0.000000 0.000000
Li 0.000000 0.000000 0.000000
Li 0.000000 0.000000 0.000000
Li 0.000000 0.000000 0.000000
Li 0.000000 0.000000 0.000000
Li 0.000000 0.000000 0.000000
Li 0.000000 0.000000 0.000000
Li 0.000000 0.000000 0.000000
Li 0.000000 0.000000 0.000000
Li 0.000000 0.000000 0.000000
Li 0.000000 0.000000 0.000000
Li 0.000000 0.000000 0.000000
Li 0.000000 0.000000 0.000000
Li 0.000000 0.000000 0.000000
Li 0.000000 0.000000 0.000000
Li 0.000000 0.000000 0.000000
Li 0.000000 0.000000 0.000000
Li 0.000000 0.000000 0.000000
Li 0.000000 0.000000 0.000000
Li 0.000000 0.000000 0.000000
Li 0.000000 0.000000 0.000000
Li 0.000000 0.000000 0.000000
Li 0.000000 0.000000 0.000000
Li 0.000000 0.000000 0.000000
Li 0.000000 0.000000 0.000000
Li 0.000000 0.000000 0.000000
Li 0.000000 0.000000 0.000000
Li 0.000000 0.000000 0.000000
Li 0.000000 0.000000 0.000000
Li 0.000000 0.000000 0.000000
Li 0.000000 0.000000 0.000000
Li 0.000000 0.000000 0.000000
Li 0.000000 0.000000 0.000000
Li 0.000000 0.000000 0.000000
Li 0.000000 0.000000 0.000000
Li 0.000000 0.000000 0.000000
Li 0.000000 0.000000 0.000000
Li 0.000000 0.000000 0.000000
Li 0.000000 0.000000 0.000000
Li 0.000000 0.000000 0.000000
Li 0.000000 0.000000 0.000000
Li 0.000000 0.000000 0.000000
Li 0.000000 0.000000 0.000000
Li 0.000000 0.000000 0.000000
Li 0.000000 0.000000 0.000000
Li 0.000000 0.000000 0.000000
Li 0.000000 0.000000 0.000000
Li 0.000000 0.000000 0.000000
Li 0.000000 0.000000 0.000000
Li 0.000000 0.000000 0.000000
Li 0.000000 0.000000 0.000000
125
10000    28.611857
Li 2.130417 1.229994 3.478930
Li 2.130391 -3.689983 0.000000
Li 2.130417 1.229994 3.478930
Li 6.391219 1.229994 0.869732
Li 0.000000 0.000000 0.000000
Li 0.000000 0.000000 0.000000
Li -4.260808 0.000000 0.000000
Li 4.260834 4.919977 3.478930
Li 2.130391 -1.229994 -3.478930
Li 0.000000 0.000000 0.000000
Li 6.391225 3.689983 0.000000
Li 0.000000 0.000000 0.000000
Li 0.000000 0.000000 0.000000
Li 6.391225 1.229994 3.478930
Li 4.260834 4.919977 3.478930
Li 2.130391 -3.689983 0.000000
Li 0.000000 0.000000 0.000000
Li 0.000000 0.000000 0.000000
Li 0.000000 0.000000 0.000000
Li 4.260808 2.459988 -3.478930
Li 4.260815 4.919977 -4.348662
Li 0.000000 0.000000 0.000000
Li -4.260808 0.000000 0.000000
Li -4.260808 0.000000 0.000000
Li 0.000000 0.000000 0.000000
Li 0.000000 0.000000 0.000000
Li 2.130417 1.229994 3.478930
Li 2.130417 3.689983 0.000000
Li 0.000000 0.000000 0.000000
Li 2.130417 3.689983 0.000000
Li 4.260808 0.000000 0.000000
Li 4.260808 0.000000 0.000000
Li -4.260808 0.000000 0.000000
Li 2.130417 3.689983 0.000000
Li 2.130391 -3.689983 0.000000
Li 0.000000 0.000000 0.000000
Li 4.260834 4.919977 3.478930
Li -4.260827 0.000000 -7.827592
Li -2.130417 -1.229994 -3.478930
Li 0.000000 0.000000 0.000000
Li 0.000000 -2.459988 3.478930
Li 4.260808 -2.459988 3.478930
Li 2.130417 1.229994 3.478930
Li 4.260808 0.000000 0.000000
Li 0.000000 0.000000 0.000000
Li 2.130417 3.689983 0.000000
Li 0.000000 0.000000 0.000000
Li -4.260808 0.000000 0.000000
Li 0.000000 0.000000 0.000000
Li 4.260808 0.000000 0.000000
Li 0.000000 0.000000 0.000000
Li 0.000000 0.000000 0.000000
Li 0.000000 0.000000 0.000000
Li 2.130391 -1.229994 -3.478930
Li 4.260808 -2.459988 3.478930
Li 4.260808 0.000000 0.000000
Li 0.000000 0.000000 0.000000
Li 0.000000 0.000000 0.000000
Li 0.000000 0.000000 0.000000
Li 2.130410 1.229994 0.869732
Li 0.000000 0.000000 0.000000
Li 0.000000 0.000000 0.000000
Li 2.130417 6.149971 -3.478930
Li 0.000000 0.000000 0.000000
Li 0.000004 1.639992 -0.579822
Li 0.000000 0.000000 0.000000
Li 0.000000 0.000000 0.000000
Li 6.391200 -1.229994 -3.478930
Li 4.260808 0.000000 0.000000
Li 0.000000 0.000000 0.000000
Li 0.000000 0.000000 0.000000
Li 0.000000 -2.459988 3.478930
Li 0.000000 0.000000 0.000000
Li 0.000000 0.000000 0.000000
Li -0.000004 -4.099981 4.058751
Li 2.130417 1.229994 3.478930
Li -2.130417 -3.689983 0.000000
Li -0.000006 -4.919977 4.348662
Li 2.130417 1.229994 3.478930
Li 12.782425 0.000000 0.000000
Li 4.260808 0.000000 0.000000
Li 0.000000 0.000000 0.000000
Li 0.000000 -2.459988 3.478930
Li 0.000000 0.000000 0.000000
Li 0.000000 0.000000 0.000000
Li 0.000000 0.000000 0.000000
Li -0.000000 -2.459988 3.478930
Li -2.130417 -1.229994 -3.478930
Li 0.000000 0.000000 0.000000
Li 4.260808 0.000000 0.000000
Li 0.000000 0.000000 0.000000
Li 2.130391 -3.689983 0.000000
Li 2.130391 -1.229994 -3.478930
Li 0.000000 0.000000 0.000000
Li 4.260808 0.000000 0.000000
Li 2.130417 3.689983 0.000000
Li -0.000006 -2.459988 0.869732
Li 0.000000 0.000000 0.000000
Li -4.260808 0.000000 0.000000
Li -2.130417 -3.689983 0.000000
Li 0.000000 0.000000 0.000000
Li 2.130410 1.229994 0.869732
Li 0.000000 0.000000 0.000000
Li 0.000000 0.000000 0.000000
Li 2.130417 1.229994 3.478930
Li 2.130391 -3.689983 0.000000
Li 4.260783 -4.919977 -3.478930
Li 0.000000 0.000000 0.000000
Li 0.000000 0.000000 0.000000
Li 0.000000 0.000000 0.000000
Li 4.260834 2.459988 6.957860
Li 4.260834 4.919977 3.478930
Li 2.130417 1.229994 3.478930
Li 2.130391 -3.689983 0.000000
Li 4.260808 0.000000 0.000000
Li -2.130417 -3.689983 0.000000
Li -0.000025 -4.919977 -3.478930
Li 6.391250 6.149971 6.957860
Li 0.000025 4.919977 3.478930
Li 0.000000 2.459988 -3.478930
Li 0.000000 2.459988 -3.478930
Li -6.391225 -3.689983 0.000000
Li 6.391225 3.689983 0.000000
Li 2.130391 -1.229994 -3.478930
Li 2.130391 -3.689983 0.000000
